Reference ID	Position	Total Depth	Ref Base	Alt Base	Ref Frequency	Alt Frequency	Codon	Codon Type	count_	avg_mapping_quality	avg_basequality	avg_se_mapping_quality	num_plus_strand	num_minus_strand	avg_pos_as_fraction	avg_num_mismatches_as_fraction	avg_sum_mismatch_qualities	num_q2_containing_reads	avg_distance_to_q2_start_in_q2_reads	avg_clipped_length	avg_distance_to_effective_3p_end
Denv1_AZ455_BPR_1090_LOT1806_01	395	1141	G	C	96	3			0	0.0	0.0	0.0	0	0	0.0	0.0	0.0	0	0.0	0.0	0.0
Denv1_AZ455_BPR_1090_LOT1806_01	396	2023	T	A	79	1			0	0.0	0.0	0.0	0	0	0.0	0.0	0.0	0	0.0	0.0	0.0
Denv1_AZ455_BPR_1090_LOT1806_01	396	2023	T	C	79	4			0	0.0	0.0	0.0	0	0	0.0	0.0	0.0	0	0.0	0.0	0.0
Denv1_AZ455_BPR_1090_LOT1806_01	396	2023	T	G	79	15			0	0.0	0.0	0.0	0	0	0.0	0.0	0.0	0	0.0	0.0	0.0
Denv1_AZ455_BPR_1090_LOT1806_01	409	97818	C	T	23	77			0	0.0	0.0	0.0	0	0	0.0	0.0	0.0	0	0.0	0.0	0.0
Denv1_AZ455_BPR_1090_LOT1806_01	481	94078	R	A	0	99			0	0.0	0.0	0.0	0	0	0.0	0.0	0.0	0	0.0	0.0	0.0
Denv1_AZ455_BPR_1090_LOT1806_01	481	94078	R	G	0	1			0	0.0	0.0	0.0	0	0	0.0	0.0	0.0	0	0.0	0.0	0.0
Denv1_AZ455_BPR_1090_LOT1806_01	547	13248	A	G	99	1			0	0.0	0.0	0.0	0	0	0.0	0.0	0.0	0	0.0	0.0	0.0
Denv1_AZ455_BPR_1090_LOT1806_01	552	94435	A	G	99	1			0	0.0	0.0	0.0	0	0	0.0	0.0	0.0	0	0.0	0.0	0.0
Denv1_AZ455_BPR_1090_LOT1806_01	718	97876	G	C	1	99			0	0.0	0.0	0.0	0	0	0.0	0.0	0.0	0	0.0	0.0	0.0
Denv1_AZ455_BPR_1090_LOT1806_01	829	94373	A	G	93	7			0	0.0	0.0	0.0	0	0	0.0	0.0	0.0	0	0.0	0.0	0.0
Denv1_AZ455_BPR_1090_LOT1806_01	956	92981	A	G	99	1			0	0.0	0.0	0.0	0	0	0.0	0.0	0.0	0	0.0	0.0	0.0
Denv1_AZ455_BPR_1090_LOT1806_01	985	95248	W	T	0	100			0	0.0	0.0	0.0	0	0	0.0	0.0	0.0	0	0.0	0.0	0.0
Denv1_AZ455_BPR_1090_LOT1806_01	1045	96532	A	G	99	1			0	0.0	0.0	0.0	0	0	0.0	0.0	0.0	0	0.0	0.0	0.0
Denv1_AZ455_BPR_1090_LOT1806_01	1062	89663	A	G	99	1			0	0.0	0.0	0.0	0	0	0.0	0.0	0.0	0	0.0	0.0	0.0
Denv1_AZ455_BPR_1090_LOT1806_01	1209	95261	G	C	99	1			0	0.0	0.0	0.0	0	0	0.0	0.0	0.0	0	0.0	0.0	0.0
Denv1_AZ455_BPR_1090_LOT1806_01	1475	97865	A	G	98	2			0	0.0	0.0	0.0	0	0	0.0	0.0	0.0	0	0.0	0.0	0.0
Denv1_AZ455_BPR_1090_LOT1806_01	1535	94705	A	G	1	97			0	0.0	0.0	0.0	0	0	0.0	0.0	0.0	0	0.0	0.0	0.0
Denv1_AZ455_BPR_1090_LOT1806_01	1536	97123	A	G	98	2			0	0.0	0.0	0.0	0	0	0.0	0.0	0.0	0	0.0	0.0	0.0
Denv1_AZ455_BPR_1090_LOT1806_01	1715	1308	A	C	96	4			0	0.0	0.0	0.0	0	0	0.0	0.0	0.0	0	0.0	0.0	0.0
Denv1_AZ455_BPR_1090_LOT1806_01	1878	1305	A	T	99	1			0	0.0	0.0	0.0	0	0	0.0	0.0	0.0	0	0.0	0.0	0.0
Denv1_AZ455_BPR_1090_LOT1806_01	1986	1277	T	C	97	3			0	0.0	0.0	0.0	0	0	0.0	0.0	0.0	0	0.0	0.0	0.0
Denv1_AZ455_BPR_1090_LOT1806_01	2035	1135	A	G	99	1			0	0.0	0.0	0.0	0	0	0.0	0.0	0.0	0	0.0	0.0	0.0
Denv1_AZ455_BPR_1090_LOT1806_01	2044	1129	A	G	97	3			0	0.0	0.0	0.0	0	0	0.0	0.0	0.0	0	0.0	0.0	0.0
Denv1_AZ455_BPR_1090_LOT1806_01	2151	1275	G	C	95	5			0	0.0	0.0	0.0	0	0	0.0	0.0	0.0	0	0.0	0.0	0.0
Denv1_AZ455_BPR_1090_LOT1806_01	2152	3227	T	A	61	1			0	0.0	0.0	0.0	0	0	0.0	0.0	0.0	0	0.0	0.0	0.0
Denv1_AZ455_BPR_1090_LOT1806_01	2152	3227	T	G	61	39			0	0.0	0.0	0.0	0	0	0.0	0.0	0.0	0	0.0	0.0	0.0
Denv1_AZ455_BPR_1090_LOT1806_01	2209	96510	A	G	99	1			0	0.0	0.0	0.0	0	0	0.0	0.0	0.0	0	0.0	0.0	0.0
Denv1_AZ455_BPR_1090_LOT1806_01	2218	97572	C	T	99	1			0	0.0	0.0	0.0	0	0	0.0	0.0	0.0	0	0.0	0.0	0.0
Denv1_AZ455_BPR_1090_LOT1806_01	2281	94556	T	C	99	1			0	0.0	0.0	0.0	0	0	0.0	0.0	0.0	0	0.0	0.0	0.0
Denv1_AZ455_BPR_1090_LOT1806_01	2559	85188	A	G	98	2			0	0.0	0.0	0.0	0	0	0.0	0.0	0.0	0	0.0	0.0	0.0
Denv1_AZ455_BPR_1090_LOT1806_01	2986	62545	T	C	2	98			0	0.0	0.0	0.0	0	0	0.0	0.0	0.0	0	0.0	0.0	0.0
Denv1_AZ455_BPR_1090_LOT1806_01	2991	1302	A	C	93	7			0	0.0	0.0	0.0	0	0	0.0	0.0	0.0	0	0.0	0.0	0.0
Denv1_AZ455_BPR_1090_LOT1806_01	2997	1206	T	C	99	1			0	0.0	0.0	0.0	0	0	0.0	0.0	0.0	0	0.0	0.0	0.0
Denv1_AZ455_BPR_1090_LOT1806_01	3013	1307	G	A	99	1			0	0.0	0.0	0.0	0	0	0.0	0.0	0.0	0	0.0	0.0	0.0
Denv1_AZ455_BPR_1090_LOT1806_01	3038	1508	G	A	99	1			0	0.0	0.0	0.0	0	0	0.0	0.0	0.0	0	0.0	0.0	0.0
Denv1_AZ455_BPR_1090_LOT1806_01	3198	3864	T	C	95	5			0	0.0	0.0	0.0	0	0	0.0	0.0	0.0	0	0.0	0.0	0.0
Denv1_AZ455_BPR_1090_LOT1806_01	3258	4417	A	G	99	1			0	0.0	0.0	0.0	0	0	0.0	0.0	0.0	0	0.0	0.0	0.0
Denv1_AZ455_BPR_1090_LOT1806_01	3286	4665	T	C	99	1			0	0.0	0.0	0.0	0	0	0.0	0.0	0.0	0	0.0	0.0	0.0
Denv1_AZ455_BPR_1090_LOT1806_01	3397	4644	C	T	95	5			0	0.0	0.0	0.0	0	0	0.0	0.0	0.0	0	0.0	0.0	0.0
Denv1_AZ455_BPR_1090_LOT1806_01	3567	4184	T	G	99	1			0	0.0	0.0	0.0	0	0	0.0	0.0	0.0	0	0.0	0.0	0.0
Denv1_AZ455_BPR_1090_LOT1806_01	3581	97164	T	C	4	96			0	0.0	0.0	0.0	0	0	0.0	0.0	0.0	0	0.0	0.0	0.0
Denv1_AZ455_BPR_1090_LOT1806_01	3701	93073	T	C	99	1			0	0.0	0.0	0.0	0	0	0.0	0.0	0.0	0	0.0	0.0	0.0
Denv1_AZ455_BPR_1090_LOT1806_01	4091	96594	T	C	99	1			0	0.0	0.0	0.0	0	0	0.0	0.0	0.0	0	0.0	0.0	0.0
Denv1_AZ455_BPR_1090_LOT1806_01	4448	95361	G	A	99	1			0	0.0	0.0	0.0	0	0	0.0	0.0	0.0	0	0.0	0.0	0.0
Denv1_AZ455_BPR_1090_LOT1806_01	4540	96539	C	T	83	17			0	0.0	0.0	0.0	0	0	0.0	0.0	0.0	0	0.0	0.0	0.0
Denv1_AZ455_BPR_1090_LOT1806_01	4552	91515	G	A	88	12			0	0.0	0.0	0.0	0	0	0.0	0.0	0.0	0	0.0	0.0	0.0
Denv1_AZ455_BPR_1090_LOT1806_01	4562	84704	G	A	99	1			0	0.0	0.0	0.0	0	0	0.0	0.0	0.0	0	0.0	0.0	0.0
Denv1_AZ455_BPR_1090_LOT1806_01	4604	49612	T	C	0	100			0	0.0	0.0	0.0	0	0	0.0	0.0	0.0	0	0.0	0.0	0.0
Denv1_AZ455_BPR_1090_LOT1806_01	4879	2984	C	T	25	75			0	0.0	0.0	0.0	0	0	0.0	0.0	0.0	0	0.0	0.0	0.0
Denv1_AZ455_BPR_1090_LOT1806_01	4930	4431	T	C	98	2			0	0.0	0.0	0.0	0	0	0.0	0.0	0.0	0	0.0	0.0	0.0
Denv1_AZ455_BPR_1090_LOT1806_01	4941	4663	A	G	98	2			0	0.0	0.0	0.0	0	0	0.0	0.0	0.0	0	0.0	0.0	0.0
Denv1_AZ455_BPR_1090_LOT1806_01	4945	4964	G	A	99	1			0	0.0	0.0	0.0	0	0	0.0	0.0	0.0	0	0.0	0.0	0.0
Denv1_AZ455_BPR_1090_LOT1806_01	5069	5311	A	G	99	1			0	0.0	0.0	0.0	0	0	0.0	0.0	0.0	0	0.0	0.0	0.0
Denv1_AZ455_BPR_1090_LOT1806_01	5227	15410	A	G	31	69			0	0.0	0.0	0.0	0	0	0.0	0.0	0.0	0	0.0	0.0	0.0
Denv1_AZ455_BPR_1090_LOT1806_01	5335	27409	T	C	99	1			0	0.0	0.0	0.0	0	0	0.0	0.0	0.0	0	0.0	0.0	0.0
Denv1_AZ455_BPR_1090_LOT1806_01	5416	95459	T	C	97	3			0	0.0	0.0	0.0	0	0	0.0	0.0	0.0	0	0.0	0.0	0.0
Denv1_AZ455_BPR_1090_LOT1806_01	5459	95336	A	G	99	1			0	0.0	0.0	0.0	0	0	0.0	0.0	0.0	0	0.0	0.0	0.0
Denv1_AZ455_BPR_1090_LOT1806_01	5605	97134	T	C	96	4			0	0.0	0.0	0.0	0	0	0.0	0.0	0.0	0	0.0	0.0	0.0
Denv1_AZ455_BPR_1090_LOT1806_01	5718	96718	A	G	99	1			0	0.0	0.0	0.0	0	0	0.0	0.0	0.0	0	0.0	0.0	0.0
Denv1_AZ455_BPR_1090_LOT1806_01	5728	96541	C	T	98	2			0	0.0	0.0	0.0	0	0	0.0	0.0	0.0	0	0.0	0.0	0.0
Denv1_AZ455_BPR_1090_LOT1806_01	6304	1237	G	A	99	1			0	0.0	0.0	0.0	0	0	0.0	0.0	0.0	0	0.0	0.0	0.0
Denv1_AZ455_BPR_1090_LOT1806_01	6484	1471	A	G	99	1			0	0.0	0.0	0.0	0	0	0.0	0.0	0.0	0	0.0	0.0	0.0
Denv1_AZ455_BPR_1090_LOT1806_01	6501	1384	A	G	99	1			0	0.0	0.0	0.0	0	0	0.0	0.0	0.0	0	0.0	0.0	0.0
Denv1_AZ455_BPR_1090_LOT1806_01	6540	1663	T	C	99	1			0	0.0	0.0	0.0	0	0	0.0	0.0	0.0	0	0.0	0.0	0.0
Denv1_AZ455_BPR_1090_LOT1806_01	6581	25511	T	C	6	94			0	0.0	0.0	0.0	0	0	0.0	0.0	0.0	0	0.0	0.0	0.0
Denv1_AZ455_BPR_1090_LOT1806_01	6610	39736	A	G	99	1			0	0.0	0.0	0.0	0	0	0.0	0.0	0.0	0	0.0	0.0	0.0
Denv1_AZ455_BPR_1090_LOT1806_01	6612	39590	A	G	94	6			0	0.0	0.0	0.0	0	0	0.0	0.0	0.0	0	0.0	0.0	0.0
Denv1_AZ455_BPR_1090_LOT1806_01	6676	45011	A	G	99	1			0	0.0	0.0	0.0	0	0	0.0	0.0	0.0	0	0.0	0.0	0.0
Denv1_AZ455_BPR_1090_LOT1806_01	6711	55793	T	C	95	5			0	0.0	0.0	0.0	0	0	0.0	0.0	0.0	0	0.0	0.0	0.0
Denv1_AZ455_BPR_1090_LOT1806_01	6717	56150	T	C	99	1			0	0.0	0.0	0.0	0	0	0.0	0.0	0.0	0	0.0	0.0	0.0
Denv1_AZ455_BPR_1090_LOT1806_01	6762	47906	A	C	99	1			0	0.0	0.0	0.0	0	0	0.0	0.0	0.0	0	0.0	0.0	0.0
Denv1_AZ455_BPR_1090_LOT1806_01	6763	46403	A	G	99	1			0	0.0	0.0	0.0	0	0	0.0	0.0	0.0	0	0.0	0.0	0.0
Denv1_AZ455_BPR_1090_LOT1806_01	6786	50103	T	C	99	1			0	0.0	0.0	0.0	0	0	0.0	0.0	0.0	0	0.0	0.0	0.0
Denv1_AZ455_BPR_1090_LOT1806_01	6845	55290	A	G	99	1			0	0.0	0.0	0.0	0	0	0.0	0.0	0.0	0	0.0	0.0	0.0
Denv1_AZ455_BPR_1090_LOT1806_01	6913	57424	C	T	99	1			0	0.0	0.0	0.0	0	0	0.0	0.0	0.0	0	0.0	0.0	0.0
Denv1_AZ455_BPR_1090_LOT1806_01	6918	57280	A	G	99	1			0	0.0	0.0	0.0	0	0	0.0	0.0	0.0	0	0.0	0.0	0.0
Denv1_AZ455_BPR_1090_LOT1806_01	6919	57641	C	T	99	1			0	0.0	0.0	0.0	0	0	0.0	0.0	0.0	0	0.0	0.0	0.0
Denv1_AZ455_BPR_1090_LOT1806_01	6924	58321	A	G	99	1			0	0.0	0.0	0.0	0	0	0.0	0.0	0.0	0	0.0	0.0	0.0
Denv1_AZ455_BPR_1090_LOT1806_01	7099	60380	T	C	99	1			0	0.0	0.0	0.0	0	0	0.0	0.0	0.0	0	0.0	0.0	0.0
Denv1_AZ455_BPR_1090_LOT1806_01	7107	58798	T	C	99	1			0	0.0	0.0	0.0	0	0	0.0	0.0	0.0	0	0.0	0.0	0.0
Denv1_AZ455_BPR_1090_LOT1806_01	7162	57071	K	G	0	67			0	0.0	0.0	0.0	0	0	0.0	0.0	0.0	0	0.0	0.0	0.0
Denv1_AZ455_BPR_1090_LOT1806_01	7162	57071	K	T	0	33			0	0.0	0.0	0.0	0	0	0.0	0.0	0.0	0	0.0	0.0	0.0
Denv1_AZ455_BPR_1090_LOT1806_01	7170	55731	T	C	33	67			0	0.0	0.0	0.0	0	0	0.0	0.0	0.0	0	0.0	0.0	0.0
Denv1_AZ455_BPR_1090_LOT1806_01	7278	53861	T	C	99	1			0	0.0	0.0	0.0	0	0	0.0	0.0	0.0	0	0.0	0.0	0.0
Denv1_AZ455_BPR_1090_LOT1806_01	7374	44386	T	C	99	1			0	0.0	0.0	0.0	0	0	0.0	0.0	0.0	0	0.0	0.0	0.0
Denv1_AZ455_BPR_1090_LOT1806_01	7395	50106	T	A	99	1			0	0.0	0.0	0.0	0	0	0.0	0.0	0.0	0	0.0	0.0	0.0
Denv1_AZ455_BPR_1090_LOT1806_01	7466	34681	A	G	99	1			0	0.0	0.0	0.0	0	0	0.0	0.0	0.0	0	0.0	0.0	0.0
Denv1_AZ455_BPR_1090_LOT1806_01	7686	6994	C	T	99	1			0	0.0	0.0	0.0	0	0	0.0	0.0	0.0	0	0.0	0.0	0.0
Denv1_AZ455_BPR_1090_LOT1806_01	7726	6120	A	G	99	1			0	0.0	0.0	0.0	0	0	0.0	0.0	0.0	0	0.0	0.0	0.0
Denv1_AZ455_BPR_1090_LOT1806_01	7745	5068	A	G	99	1			0	0.0	0.0	0.0	0	0	0.0	0.0	0.0	0	0.0	0.0	0.0
Denv1_AZ455_BPR_1090_LOT1806_01	8077	82059	A	G	99	1			0	0.0	0.0	0.0	0	0	0.0	0.0	0.0	0	0.0	0.0	0.0
Denv1_AZ455_BPR_1090_LOT1806_01	8427	88406	A	G	97	3			0	0.0	0.0	0.0	0	0	0.0	0.0	0.0	0	0.0	0.0	0.0
Denv1_AZ455_BPR_1090_LOT1806_01	8657	97678	C	T	99	1			0	0.0	0.0	0.0	0	0	0.0	0.0	0.0	0	0.0	0.0	0.0
Denv1_AZ455_BPR_1090_LOT1806_01	8691	97157	A	T	99	1			0	0.0	0.0	0.0	0	0	0.0	0.0	0.0	0	0.0	0.0	0.0
Denv1_AZ455_BPR_1090_LOT1806_01	8848	91849	A	G	97	3			0	0.0	0.0	0.0	0	0	0.0	0.0	0.0	0	0.0	0.0	0.0
Denv1_AZ455_BPR_1090_LOT1806_01	8989	1182	A	G	99	1			0	0.0	0.0	0.0	0	0	0.0	0.0	0.0	0	0.0	0.0	0.0
Denv1_AZ455_BPR_1090_LOT1806_01	9027	1502	A	G	99	1			0	0.0	0.0	0.0	0	0	0.0	0.0	0.0	0	0.0	0.0	0.0
Denv1_AZ455_BPR_1090_LOT1806_01	9041	1624	A	G	99	1			0	0.0	0.0	0.0	0	0	0.0	0.0	0.0	0	0.0	0.0	0.0
Denv1_AZ455_BPR_1090_LOT1806_01	9054	1723	A	G	99	1			0	0.0	0.0	0.0	0	0	0.0	0.0	0.0	0	0.0	0.0	0.0
Denv1_AZ455_BPR_1090_LOT1806_01	9106	1832	C	T	95	5			0	0.0	0.0	0.0	0	0	0.0	0.0	0.0	0	0.0	0.0	0.0
Denv1_AZ455_BPR_1090_LOT1806_01	9144	1788	C	T	99	1			0	0.0	0.0	0.0	0	0	0.0	0.0	0.0	0	0.0	0.0	0.0
Denv1_AZ455_BPR_1090_LOT1806_01	9266	1946	T	C	99	1			0	0.0	0.0	0.0	0	0	0.0	0.0	0.0	0	0.0	0.0	0.0
Denv1_AZ455_BPR_1090_LOT1806_01	9274	2051	T	C	99	1			0	0.0	0.0	0.0	0	0	0.0	0.0	0.0	0	0.0	0.0	0.0
Denv1_AZ455_BPR_1090_LOT1806_01	9312	2214	G	A	99	1			0	0.0	0.0	0.0	0	0	0.0	0.0	0.0	0	0.0	0.0	0.0
Denv1_AZ455_BPR_1090_LOT1806_01	9392	2759	T	C	99	1			0	0.0	0.0	0.0	0	0	0.0	0.0	0.0	0	0.0	0.0	0.0
Denv1_AZ455_BPR_1090_LOT1806_01	9715	2477	G	A	97	3			0	0.0	0.0	0.0	0	0	0.0	0.0	0.0	0	0.0	0.0	0.0
Denv1_AZ455_BPR_1090_LOT1806_01	9736	3286	G	A	99	1			0	0.0	0.0	0.0	0	0	0.0	0.0	0.0	0	0.0	0.0	0.0
Denv1_AZ455_BPR_1090_LOT1806_01	9791	11106	C	T	99	1			0	0.0	0.0	0.0	0	0	0.0	0.0	0.0	0	0.0	0.0	0.0
Denv1_AZ455_BPR_1090_LOT1806_01	9841	12951	T	C	95	5			0	0.0	0.0	0.0	0	0	0.0	0.0	0.0	0	0.0	0.0	0.0
Denv1_AZ455_BPR_1090_LOT1806_01	10037	8544	A	G	99	1			0	0.0	0.0	0.0	0	0	0.0	0.0	0.0	0	0.0	0.0	0.0
Denv1_AZ455_BPR_1090_LOT1806_01	10063	8028	T	C	99	1			0	0.0	0.0	0.0	0	0	0.0	0.0	0.0	0	0.0	0.0	0.0
Denv1_AZ455_BPR_1090_LOT1806_01	10096	8365	A	G	99	1			0	0.0	0.0	0.0	0	0	0.0	0.0	0.0	0	0.0	0.0	0.0
Denv1_AZ455_BPR_1090_LOT1806_01	10187	5770	A	G	99	1			0	0.0	0.0	0.0	0	0	0.0	0.0	0.0	0	0.0	0.0	0.0
Denv1_AZ455_BPR_1090_LOT1806_01	10212	4407	T	A	1	99			0	0.0	0.0	0.0	0	0	0.0	0.0	0.0	0	0.0	0.0	0.0
